-0  0 -0  1
-4 -5 -6  1
-11.1864 -9.45618 -3.65508        1
 -10.269 -8.66582 -19.2354        1
-9.41456  -13.466 -27.2028        1
-2.50552 -35.3448  3.32294        1
-18.8874 -37.3207 -6.55871        1
-16.9463 -40.7135 -24.6956        1
-50.0265   -14.44  12.6303        1
-18.6413  24.9166 -47.9681        1
 47.8096 -28.0488  -13.334        1
-12.1177 -28.4086  45.3462        1
-38.2453  29.2603  19.7614        1
 37.4439  25.8517 0.321178        1
-16.6469 -19.5324  35.2228        1
15.0878 22.2317 22.1669       1
-2.96809  14.4366  22.8863        1
-6.27065  21.7103 -1.26588        1
  14.187 -12.1575  5.41324        1
-21.8311 -4.45925   1.7549        1
 6.48536 -3.33481 -25.6684        1
-7.22029 -31.4287  -7.7897        1
-27.0666 -16.5205  14.8754        1
 -6.0395  20.1979 -30.2428        1
 26.4894 -23.9366  -14.418        1
-20.8049 -34.7618    11.73        1
-35.8546  22.4556  -2.7906        1
 35.3884   8.5585 -13.8937        1
-13.9909  -24.825  26.0277        1
-29.2017  22.3902 -16.2039        1
-4.52568 -11.3533 -45.6987        1
-11.3408 -20.7892 -49.9837        1
-35.7923 -48.8995  5.01152        1
-59.3964  7.36994 -27.8081        1
  -44.03 -34.0288 -49.7089        1
 32.9903 -53.1527 -49.3659        1
 10.6953 -62.3936  47.2972        1
-69.6987  13.4581  33.8416        1
   9.726  22.1441 -78.5195        1
-24.6898  -65.469 -57.6303        1
-53.5917 -39.3396 -73.6645        1
-14.5238 -85.9593  50.4002        1
  12.305  90.9086 -31.9962        1
-21.6692 -99.5243  7.87445        1
-3.40949 -37.1762 -102.959        1
-18.2206 -61.4862  -98.743        1
-47.8663  -103.26 -53.7859        1
-126.899 -14.0607   19.698        1
-0.527587   25.3951  -131.512         1
 89.4422 -99.6414  9.87728        1
-110.541  4.58104  75.1366        1
-11.2159   79.936 -109.051        1
 89.2674 -80.1218 -69.7623        1
-64.0774    24.25  115.615        1
  97.869  67.5024 -55.2627        1
 126.529  1.69629 -16.3027        1
30.6578 -67.451 99.7214       1
-32.6647  114.374 -25.0292        1
 103.339 -60.7937  5.84595        1
-116.919   31.871 -23.2841        1
 95.0585 -39.6138 -70.9406        1
 -58.021 -18.6174  105.956        1
  83.557  31.6882 -82.9906        1
 24.1658 -95.2847  70.9981        1
-78.8745   35.941  80.1484        1
 85.7721  7.08572 -81.7073        1
-35.2599 -25.8259  106.571        1
-35.4648  89.1309  52.4549        1
0.0304447  -13.3689  -114.937         1
-56.2119 -107.792  3.84546        1
-106.741   52.233 -37.0234        1
-45.5577 -31.7728 -120.231        1
-2.82739 -41.1851 -133.396        1
 28.5504 -120.409   65.555        1
-141.15 19.6487 7.90016       1
-15.3524   31.755 -143.448        1
 87.6876 -114.413 -43.9933        1
-109.954  5.43727  100.676        1
-58.8802  91.9567  -105.21        1
 40.7243 -76.8047 -131.841        1
  -127.8 -77.7748  59.7017        1
-101.025 -77.5847 -112.131        1
-143.673 -93.9222   31.189        1
-7.74429  45.4741 -172.956        1
13.0003 -151.35 95.6587       1
-121.419   95.008 -97.8562        1
-69.9348  61.7574 -162.656        1
-34.9144 -189.732  2.94981        1
-124.502 -68.3846 -142.702        1
-75.9451 -190.546 -36.6266        1
-198.228  3.15075 -81.0052        1
 22.8637  -49.479 -213.765        1
-44.7397 -169.758  -146.93        1
-215.616  63.8369 -59.7393        1
0.625241  147.276 -181.854        1
 91.9213 -120.745 -185.343        1
 -84.913 -164.989 -164.863        1
 -30.47 -56.209 -247.43       1
 109.115 -161.948 -172.979        1
28.7248 155.193 197.278       1
113.134 205.341 70.5847       1
74.3112 57.3783 217.434       1
42.0731 212.102 76.6797       1
 223.306  -36.126 -6.36136        1
71.2684 27.3916 204.942       1
-37.9865 -6.67816  210.039        1
139.636 139.993 56.8467       1
46.7118 139.651 131.231       1
 127.079  117.271 -88.3048        1
70.8274 56.8729 162.142       1
-114.193  126.724  65.0437        1
 87.1507 -40.5047 -160.146        1
 21.5776 -148.263  111.063        1
 56.5733   170.61 -22.5741        1
 167.733  49.0546 -26.0917        1
 69.9731 -66.5337    142.2        1
-50.0696  160.118 -18.5398        1
 59.9407  13.4536 -161.112        1
-14.1097 -140.137  100.615        1
-150.758  77.8842  -45.407        1
 -134.14  68.1635 -98.5559        1
 144.335 -20.1459   -106.6        1
-44.5208 -147.196 -109.636        1
-107.185 -145.767  66.1548        1
-83.8092  7.59745 -180.885        1
-90.2948 -178.434  41.6985        1
-84.1468  82.4662 -172.303        1
 116.912 -158.291 -79.8356        1
-55.4815 -96.0131  178.837        1
-125.832  103.365 -139.016        1
 68.2381 -186.455 -93.7453        1
-213.113 -57.9691 -46.9412        1
-123.981 -51.0162 -191.655        1
  -7.58735   -238.789 -0.0332278          1
-230.028  12.0732  69.4835        1
-65.2879 -27.7624 -237.543        1
 -106.85 -227.438  31.4582        1
-151.179  196.202  38.6155        1
 60.9295 -101.099  -228.24        1
-250.948 -65.1672 -43.7334        1
-160.258 -179.692 -125.164        1
-50.3285 -255.208 -100.274        1
-227.261 -146.315 -94.9029        1
 29.5953 -285.009  44.2807        1
-285.422  64.0071 -16.3349        1
 165.918 -85.1687 -230.789        1
-50.6739 -293.908  42.9874        1
-304.847   8.6102  4.17953        1
191.595 142.937 -187.33       1
188.737 58.3707 219.984       1
83.8274 228.583 152.578       1
181.621 210.217 -48.237       1
 86.7321 -51.8995  256.816        1
-31.5136  152.203  219.168        1
 125.53 144.355 175.958       1
185.525 17.7716 170.406       1
-11.287 244.653 31.3333       1
 119.773 -55.4662   -213.6        1
 92.7791 -231.393  43.2627        1
-233.726  63.1421  75.2706        1
 8.62073   136.36 -216.092        1
 75.7248 -220.695 -117.731        1
-243.339  12.5505   97.488        1
12.9828  154.25 -213.91       1
 179.369 -61.8727  175.274        1
-127.575  94.5023   197.84        1
 175.404 -4.36966  173.334        1
 46.9655 -69.9593  226.407        1
 202.273  113.552 -47.9202        1
 42.1271 -13.9147  226.158        1
-59.9948   201.23 -92.3117        1
 224.868  9.28606 -11.4436        1
-86.5453  107.329  171.063        1
106.838 180.297 34.6494       1
191.738 32.5399 67.4782       1
20.6923 86.8873 176.545       1
 187.315  43.8289 -18.6496        1
 43.7525 -7.51454  181.267        1
-21.2495   150.65  95.5093        1
 164.911  51.1207 -30.2582        1
-122.427 -17.2797  122.643        1
 24.4123  148.079 -84.0241        1
 150.153 -52.7703  53.4829        1
83.6749 54.5525 124.221       1
 90.7443 -51.0639  113.625        1
-123.645  83.9371  33.0873        1
 93.4174   -59.24 -110.863        1
  45.642 -110.556  98.5005        1
-116.722 -55.6404  87.4747        1
-117.525  34.8617 -105.473        1
 89.5028 -136.276  7.26209        1
-159.186 -47.9912 -32.5247        1
 3.87011 -1.43154 -175.194        1
-14.7415 -34.8706  166.343        1
-163.527   33.719  40.4267        1
 17.7891 -109.725 -140.425        1
-85.2013  -53.189 -158.182        1
-8.55999  -1.4344 -193.287        1
 21.6678 -196.296  7.50483        1
-117.039  48.2697 -159.109        1
