-0.0613958  0.0421279  -0.347368          1
-0.0619917  0.0430739  -0.347456          1
-0.0623931  0.0440369  -0.347465          1
-0.0625638  0.0449608  -0.347441          1
-0.0629908  0.0441336   -0.34753          1
-0.0635276  0.0438042  -0.347542          1
-0.0641204  0.0459259  -0.347252          1
-0.0650719  0.0474147  -0.346928          1
-0.0654161  0.0475028  -0.346854          1
-0.0658203  0.0460454   -0.34703          1
-0.0662689  0.0456158  -0.347183          1
-0.0660768  0.0454372  -0.347406          1
-0.0667852  0.0458392  -0.347507          1
-0.0680596  0.0484125  -0.347446          1
-0.0693172  0.0489778  -0.347637          1
-0.0709201  0.0456506  -0.348206          1
-0.0721378  0.0491222  -0.348383          1
-0.0732117   0.053405  -0.348249          1
-0.0749988  0.0532568  -0.348467          1
-0.0775814  0.0520489   -0.34882          1
-0.079855 0.0538645 -0.348852         1
-0.0815202   0.055227  -0.348947          1
-0.083702 0.0598244  -0.34858         1
-0.0854701  0.0625849  -0.348094          1
-0.0875952  0.0614247  -0.347454          1
-0.0891122  0.0661141  -0.346262          1
-0.0905591  0.0679732  -0.345174          1
-0.0930817  0.0715534  -0.343334          1
-0.0945623  0.0733614  -0.342127          1
-0.095725 0.0755097 -0.340927         1
-0.0970707  0.0810846  -0.339003          1
-0.0982774  0.0833308   -0.33768          1
-0.099369 0.0822801  -0.33673         1
-0.101239  0.085578 -0.334668         1
-0.102522 0.0919007 -0.332603         1
-0.103368  0.096305 -0.330784         1
-0.104382 0.0954897  -0.32924         1
-0.104634 0.0974572 -0.327829         1
-0.104659 0.0995095 -0.326507         1
-0.103577  0.107685 -0.324374         1
-0.103245  0.106792 -0.323653         1
-0.102081  0.113226 -0.322246         1
-0.101389  0.114989 -0.321131         1
-0.101366  0.113563 -0.320588         1
-0.0998497    0.11663  -0.319922          1
-0.0977811   0.119244  -0.319665          1
-0.096145  0.118997 -0.319871         1
-0.0937685   0.122694  -0.319801          1
-0.0924436   0.123857  -0.319935          1
-0.0913686    0.12188  -0.320473          1
-0.0894388   0.121768  -0.321215          1
-0.0889008   0.120057  -0.321868          1
-0.0870503   0.121294  -0.322689          1
-0.0846967   0.122715  -0.323828          1
-0.082897   0.12368 -0.324759         1
-0.082003  0.120576 -0.325957         1
-0.0791986   0.121095  -0.327453          1
-0.0774835   0.119818  -0.328617          1
-0.0755924   0.117678  -0.329991          1
-0.0729416   0.116344  -0.331611          1
-0.0699058     0.1166   -0.33308          1
-0.0684344    0.11163  -0.334811          1
-0.0653168   0.112358  -0.336177          1
-0.0635729   0.109955  -0.337354          1
-0.0610879   0.107433  -0.338716          1
-0.058527  0.107141 -0.339552         1
-0.0564552   0.104613  -0.340583          1
-0.053051  0.103829 -0.341547         1
-0.0506039   0.103018  -0.342231          1
-0.0488553    0.10051  -0.342802          1
-0.045589 0.0987427 -0.343632         1
-0.0426838  0.0981189  -0.344253          1
-0.0404805  0.0959643   -0.34477          1
-0.0376242  0.0942321  -0.345197          1
-0.035114 0.0941216 -0.345414         1
-0.0324759  0.0930752  -0.345752          1
-0.0289122  0.0920006  -0.346093          1
-0.0265805  0.0905714  -0.346245          1
-0.0243926  0.0894115  -0.346388          1
-0.0218328  0.0868357  -0.346532          1
-0.0187208  0.0866584  -0.346877          1
-0.0162294  0.0842736  -0.346911          1
-0.0136541  0.0828552  -0.347175          1
-0.0116202  0.0811106  -0.347066          1
-0.00800019   0.0803202   -0.347115           1
-0.00584509   0.0787022   -0.347041           1
-0.00271904   0.0785208   -0.347036           1
8.62944e-05   0.0756889   -0.346743           1
0.00231393  0.0734641  -0.346669          1
0.00598543  0.0733923  -0.346607          1
0.00922875  0.0706124  -0.346308          1
 0.012041 0.0688329 -0.346132         1
0.0143706 0.0671233   -0.3456         1
0.0177171 0.0656471 -0.344817         1
0.0195808 0.0634925 -0.344075         1
0.0221025 0.0623926 -0.343346         1
0.0249051 0.0607401 -0.342189         1
0.0269043 0.0597551 -0.341292         1
0.0283971 0.0573059 -0.339886         1
0.0299285 0.0561941 -0.338903         1
0.0319439 0.0555052 -0.338068         1
0.0336697 0.0549587 -0.336704         1
0.0343624 0.0534797 -0.335873         1
 0.035885 0.0539816  -0.33502         1
0.0366069 0.0534359 -0.333974         1
0.0363458 0.0525705 -0.333067         1
 0.036297 0.0527608 -0.332214         1
0.0354005  0.053169 -0.331053         1
0.0345655 0.0539684 -0.330302         1
0.0334631 0.0541812 -0.329775         1
0.0315221 0.0556133 -0.329163         1
0.0296682 0.0560753 -0.328782         1
0.0283645 0.0578969  -0.32852         1
0.0248756 0.0583588 -0.328024         1
 0.022563 0.0600967 -0.327568         1
0.0202953 0.0616417 -0.327306         1
0.0171226 0.0636936 -0.327033         1
 0.013357 0.0631455 -0.326938         1
0.00920272  0.0641031  -0.326946          1
0.00692198  0.0670102  -0.326912          1
0.00354805  0.0669836  -0.327045          1
-9.69267e-05     0.068273    -0.327288            1
-0.00271526   0.0702389   -0.327334           1
-0.00587861   0.0704256   -0.327515           1
-0.010211   0.06988 -0.327898         1
-0.0128368  0.0714136  -0.328091          1
-0.0152107  0.0745917  -0.328087          1
-0.0196973  0.0726693  -0.328399          1
-0.0221944  0.0749056  -0.328333          1
-0.0251752  0.0744757  -0.328434          1
-0.028405  0.076689 -0.328416         1
-0.0318081  0.0754634  -0.328474          1
-0.0343036  0.0756985  -0.328647          1
-0.0370743  0.0789814  -0.328832          1
-0.0401502   0.078513  -0.329123          1
-0.0446994   0.076834  -0.329508          1
-0.0477194  0.0769581  -0.329811          1
-0.0508077  0.0762922  -0.330254          1
-0.055813 0.0745281 -0.330852         1
-0.0588038  0.0773783  -0.331082          1
-0.0618923  0.0780669  -0.331567          1
-0.066189 0.0788535   -0.3322         1
-0.0690939   0.077705  -0.332842          1
-0.0724661  0.0759148   -0.33353          1
-0.0759595  0.0761976  -0.334434          1
-0.079438  0.072076 -0.335306         1
-0.082217 0.0753828 -0.335796         1
-0.0865902  0.0720135  -0.336901          1
-0.0890768  0.0741503  -0.337506          1
-0.091864 0.0756247 -0.338036         1
-0.095973 0.0714844 -0.339047         1
-0.0984511  0.0703814  -0.339634          1
-0.102077 0.0703785  -0.34032         1
-0.104534 0.0685557 -0.340905         1
-0.106123 0.0685671 -0.341646         1
-0.107555  0.066792 -0.342856         1
-0.109281  0.065304 -0.343683         1
-0.110762 0.0668369 -0.344508         1
-0.112453 0.0655383 -0.345958         1
-0.113877 0.0634551 -0.347244         1
-0.115266 0.0571037 -0.348885         1
-0.117006 0.0545832 -0.350939         1
-0.117885 0.0550691 -0.352659         1
-0.118708 0.0554331 -0.354481         1
-0.120596 0.0505485 -0.357185         1
-0.121528 0.0490838 -0.359277         1
-0.123029 0.0440083  -0.36151         1
-0.124744  0.040782 -0.364363         1
-0.126426 0.0364107 -0.366444         1
-0.127416 0.0337683 -0.368651         1
-0.128558 0.0311144 -0.371576         1
-0.129884  0.028043  -0.37377         1
-0.132001 0.0223491 -0.376727         1
-0.133307 0.0203693  -0.37904         1
-0.134795  0.016898 -0.381436         1
 -0.13699 0.0123166 -0.384647         1
 -0.138611 0.00980016  -0.387036          1
 -0.140272 0.00587111  -0.389426          1
 -0.141964 0.00279841  -0.392646          1
 -0.143149 0.00112009  -0.395037          1
  -0.144454 -0.00246832   -0.397359           1
 -0.145896 -0.0109022   -0.40066          1
 -0.146573 -0.0128401  -0.403357          1
 -0.147611 -0.0157847  -0.405966          1
 -0.148556 -0.0207272  -0.409594          1
 -0.149766 -0.0247795  -0.412303          1
 -0.150254 -0.0281751  -0.415186          1
 -0.150606 -0.0348856  -0.419062          1
 -0.150825 -0.0372792   -0.42211          1
  -0.15162 -0.0439434  -0.425878          1
  -0.15195 -0.0463265  -0.428823          1
 -0.151743 -0.0477897  -0.431854          1
 -0.152116 -0.0529938  -0.435719          1
 -0.152842 -0.0600366  -0.438315          1
 -0.152354 -0.0610806  -0.441334          1
 -0.152758 -0.0659875  -0.444815          1
 -0.153328 -0.0713812  -0.447131          1
 -0.152847 -0.0724959   -0.44985          1
 -0.152773 -0.0793055  -0.453094          1
-0.152773 -0.082658  -0.45544         1
