-0.000368523 -0.000223139    0.0003863            1
 -0.00108742 -0.000204059  0.000802004            1
-0.00169299 9.38658e-05  0.00118851           1
-0.00193933 0.000269214  0.00144209           1
 -0.00223674 -0.000127545   0.00176715            1
-0.00285563 0.000207362  0.00209659           1
 -0.00291993 -0.000285545   0.00238106            1
-0.00268659 -0.00111096  0.00246634           1
-0.00288526 -0.00167591  0.00259285           1
-0.00322343 -0.00160388  0.00268962           1
-0.00353915   -0.001739  0.00285661           1
-0.00414385 -0.00156665  0.00319859           1
 -0.0047571 -0.00138773  0.00353129           1
-0.00516442 -0.00134275  0.00380001           1
-0.00472218 -0.00247107  0.00411762           1
-0.00521375 -0.00224641   0.0047129           1
-0.00610028 -0.00165146  0.00563377           1
-0.00686523 -0.00162369  0.00673067           1
-0.00770908 -0.00193692  0.00794518           1
 -0.0084165 -0.00256909  0.00929419           1
-0.00950199 -0.00264558   0.0108575           1
 -0.0106247 -0.00192609   0.0125911           1
 -0.0115998 -0.00210213   0.0146605           1
 -0.0121787 -0.00236414   0.0166745           1
 -0.0126354 -0.00282221   0.0187432           1
 -0.0128997 -0.00300599   0.0205504           1
 -0.0136737 -0.00349665    0.022442           1
   -0.01393 -0.00381478   0.0240533           1
 -0.0140825 -0.00425379   0.0255645           1
-0.0149468 -0.0041168  0.0272298          1
 -0.0156866 -0.00391924    0.028987           1
 -0.0161602 -0.00396207   0.0309055           1
 -0.0166964 -0.00419221   0.0329542           1
 -0.0169424 -0.00415886   0.0350734           1
 -0.0176575 -0.00401145   0.0373399           1
 -0.0181858 -0.00463307   0.0395864           1
 -0.0186982 -0.00508448   0.0420271           1
 -0.0196138 -0.00435054   0.0444822           1
 -0.0209475 -0.00383686   0.0473344           1
 -0.0213185 -0.00377099   0.0501284           1
 -0.0214901 -0.00357364   0.0527425           1
-0.0215929 -0.0027617  0.0554838          1
 -0.0219123 -0.00133336   0.0582797           1
  -0.0217237 -0.000597145     0.060916            1
 -0.022579 0.00177514  0.0635819          1
-0.0242838 0.00390741  0.0664522          1
-0.0253298 0.00627066  0.0690788          1
-0.0240164 0.00695505  0.0710488          1
-0.0237253 0.00822649  0.0734311          1
 -0.022478 0.00949647   0.074882          1
-0.0219716  0.0110083  0.0766273          1
-0.0213309  0.0119827  0.0779857          1
-0.0210888  0.0137351  0.0793538          1
-0.0205086  0.0151886  0.0804951          1
-0.0196907  0.0173108  0.0811615          1
-0.0208369  0.0200605   0.082227          1
-0.0188467  0.0217474  0.0820893          1
-0.0174105  0.0238507  0.0819254          1
-0.0146441  0.0248578  0.0813373          1
-0.0118046  0.0252622  0.0804453          1
-0.010471 0.0260638 0.0798758         1
-0.00934906   0.0263679   0.0793802           1
-0.00872512   0.0269036    0.078913           1
-0.00785115   0.0272348   0.0783115           1
-0.00596226   0.0273782   0.0772902           1
-0.00424125   0.0277746   0.0762556           1
-0.00206808    0.028402   0.0749882           1
0.000226399   0.0289078   0.0736459           1
0.00195069  0.0294074  0.0725579          1
0.00340188  0.0306135  0.0713888          1
0.00523212  0.0308852  0.0700582          1
0.00773686  0.0315555  0.0683182          1
0.0101976 0.0326851 0.0666086         1
0.0119737 0.0333772 0.0652124         1
0.0140597 0.0340165 0.0638352         1
0.0162222 0.0343019 0.0624224         1
0.0139192 0.0327515 0.0628506         1
0.0168235  0.033035 0.0610059         1
0.0196281 0.0331664 0.0593591         1
0.0216122 0.0331601 0.0581169         1
 0.023632  0.033115 0.0569055         1
0.0253662 0.0325855 0.0559907         1
0.0269455 0.0321768 0.0550937         1
 0.028245 0.0310985  0.054427         1
0.0292382 0.0294111 0.0540004         1
0.0300389 0.0284101  0.053457         1
0.0307831 0.0273682 0.0529381         1
0.0316816  0.025981 0.0523185         1
0.0328526 0.0251468 0.0514316         1
0.0341099 0.0237749 0.0505503         1
0.0356438 0.0222877 0.0493836         1
0.0367849 0.0218341 0.0481771         1
0.0379859 0.0203314 0.0470109         1
0.0394229 0.0188196 0.0458062         1
0.0403725 0.0186699 0.0444352         1
0.0416025 0.0174029 0.0431182         1
0.0430278 0.0163102 0.0416306         1
0.0443811 0.0147737 0.0402249         1
0.0453035  0.014248 0.0386477         1
0.0464006 0.0133147 0.0372289         1
0.0471427  0.011964 0.0360629         1
0.0479762 0.0107509 0.0347911         1
0.0489044  0.010087  0.033342         1
 0.0492528 0.00912278  0.0323709          1
  0.050039 0.00782973  0.0313969          1
 0.0506895 0.00739783  0.0303275          1
0.0511722 0.0073614 0.0292894         1
 0.0522147 0.00628788  0.0282951          1
 0.0529417 0.00582736  0.0273403          1
 0.0534154 0.00547088   0.026583          1
 0.0534487 0.00587332  0.0260142          1
 0.0532388 0.00577431  0.0259255          1
 0.0529675 0.00609634  0.0258772          1
 0.0520365 0.00548834  0.0265916          1
 0.0510786 0.00516897  0.0273589          1
 0.0502346 0.00489854  0.0280338          1
 0.0499543 0.00447788  0.0286811          1
 0.0494488 0.00410101  0.0293703          1
0.0485193  0.003374 0.0303684         1
 0.0473381 0.00330044  0.0313536          1
0.0469423 0.0027874 0.0320896         1
0.0460921 0.0020418 0.0330486         1
 0.0445657 0.00176474  0.0340689          1
  0.0434554 0.000369522   0.0350445           1
   0.0432139 -0.000903239    0.0356406            1
  0.0431979 -0.00218344   0.0359281           1
  0.0426843 -0.00248065   0.0364021           1
  0.0425441 -0.00301597    0.036603           1
  0.0428729 -0.00420292   0.0367388           1
  0.0432583 -0.00545026   0.0367553           1
  0.0423275 -0.00688947   0.0371599           1
   0.041689 -0.00926732   0.0376346           1
 0.0381219 -0.0094747  0.0384272          1
 0.0339744 -0.0107451  0.0397641          1
 0.0288037 -0.0104664  0.0409837          1
  0.0195669 -0.00797222    0.042797           1
  0.0108754 -0.00553796   0.0443451           1
 0.00584279 -0.00546185   0.0448438           1
-0.00332771 -0.00275954   0.0466682           1
-0.00550791 -0.00364358   0.0466192           1
-0.00933048 -0.00354323   0.0473735           1
 -0.0118189 -0.00348371   0.0473691           1
 -0.0138239 -0.00411784   0.0473556           1
 -0.0157483 -0.00426816   0.0472222           1
 -0.0184188 -0.00404186   0.0471259           1
 -0.0210107 -0.00431442   0.0469886           1
 -0.0228651 -0.00425526   0.0467499           1
 -0.0247876 -0.00385691   0.0463929           1
 -0.0282907 -0.00170288   0.0462618           1
 -0.0292053 -0.00206106    0.045662           1
 -0.0301632 -0.00266717   0.0449758           1
 -0.0334608 -0.00270648   0.0447405           1
  -0.035015 -0.00241631   0.0441401           1
 -0.0357769 -0.00197633   0.0433055           1
 -0.0367259 -0.00232272   0.0425903           1
-0.0375251  -0.001793  0.0416477          1
 -0.0383033 -0.00133874   0.0408252           1
 -0.0387585 -0.00146854   0.0400248           1
  -0.0395321 -0.000983014    0.0390222            1
  -0.0400979 -0.000267756    0.0379091            1
 -0.0406763 0.000512323   0.0368098           1
-0.0416094 0.00147744  0.0356379          1
-0.0425934 0.00263416  0.0344403          1
-0.0429562 0.00386907  0.0328906          1
-0.0434079 0.00490881  0.0313793          1
-0.0440049 0.00646538  0.0297381          1
-0.0446631 0.00886041  0.0279009          1
-0.0452905  0.0107319  0.0261192          1
-0.0460614  0.0125845  0.0243004          1
-0.0466572  0.0142843  0.0221989          1
-0.0474416  0.0162173  0.0200157          1
-0.0479178  0.0184775  0.0175002          1
-0.0483895  0.0204267  0.0149328          1
-0.0498525  0.0247917 0.00949077          1
-0.0511141  0.0274709 0.00681932          1
-0.0516839  0.0297923 0.00396826          1
-0.0531659  0.0322332 0.00120298          1
 -0.0535818   0.0343897 -0.00179821           1
 -0.0543011   0.0367387 -0.00475892           1
 -0.0553372   0.0392908 -0.00776888           1
-0.0561191   0.041198 -0.0107222          1
-0.0573031  0.0439145 -0.0138244          1
 -0.057554  0.0464814 -0.0171476          1
-0.0589513  0.0492389 -0.0200991          1
-0.0592608   0.051388 -0.0233141          1
-0.0594985  0.0539423 -0.0266328          1
-0.0603799  0.0572374 -0.0297682          1
-0.0611206   0.060171 -0.0329091          1
-0.0617399  0.0627399 -0.0359944          1
-0.0621849  0.0659427 -0.0392064          1
-0.0620953  0.0692197 -0.0426425          1
-0.0618652  0.0719169 -0.0458654          1
-0.0613187  0.0750006 -0.0492413          1
 -0.061271  0.0779009 -0.0525248          1
-0.0611271  0.0803769 -0.0557158          1
-0.0604677   0.083439 -0.0591337          1
-0.0599519  0.0859692 -0.0624154          1
-0.0598915  0.0888366 -0.0656589          1
-0.0599391   0.091671 -0.0687742          1
-0.0588577  0.0942395 -0.0720982          1
