  -1.52197   -3.41689 -0.0921404          1
  -7.539 -3.81083 -6.24776        1
-13.4306 -9.58686  -6.6461        1
-8.96712  -10.673 -22.1123        1
-11.1897 -16.5678 -28.3107        1
-4.81535 -38.2648  3.69455        1
-21.8203 -39.3611 -7.67002        1
-16.2361 -44.0169 -26.3028        1
  -52.19 -15.2716  15.5676        1
-18.4774  28.4173 -49.2788        1
 51.2838 -26.6681 -13.1803        1
-10.4366 -27.3735  48.5246        1
-37.4294  30.1708  23.2977        1
   36.548   29.3632 -0.609855         1
 -13.663 -20.8528  37.0539        1
12.4323 22.9656 24.6987       1
-2.58875  17.9423  21.6346        1
-2.69296  22.8044 -1.32158        1
 13.2867 -9.99122  8.32814        1
-20.1737 -1.15381  2.32688        1
 7.82353 -2.30397 -22.3298        1
-4.86923 -28.7476 -6.65651        1
-23.764 -14.927 14.1316       1
-6.23622  18.1697 -27.1047        1
 23.2529 -22.0598 -14.3628        1
-18.9327 -33.0351  8.98901        1
-34.7715  19.0741 -3.97071        1
   33.14  5.98326 -15.4145        1
-16.4322 -23.8167  23.3775        1
-29.9424  19.0011 -17.6059        1
-6.40524 -14.3186 -44.4049        1
-14.9198 -19.9314 -49.3089        1
-34.4646 -50.4033  1.85306        1
 -61.026  6.72293 -24.5027        1
-46.3394 -31.0892 -49.5486        1
  34.065 -50.2736 -51.5004        1
  12.377 -59.7965  49.4012        1
-67.4047  12.9317  36.7503        1
 8.11728  25.0473 -76.7922        1
-21.7861 -66.7282 -55.6346        1
-53.9181 -41.6285 -70.7227        1
-17.1933  -86.088  47.7815        1
  9.5508  89.8916 -34.3158        1
-24.4567 -98.8025  5.48513        1
-0.00571954    -38.5207     -102.18           1
-20.2582 -63.7688 -96.5895        1
-49.5669 -100.967 -56.2043        1
-127.292 -15.5791  16.3008        1
0.594919  21.9267 -132.354        1
  88.196 -100.533  13.2908        1
-111.426   7.9271  73.7154        1
-8.21455  78.3533 -110.628        1
 90.7279 -81.2332 -66.5017        1
-61.1471  26.4111  116.476        1
99.8699  66.135 -52.412       1
 126.296  3.34301 -12.9511        1
  29.804 -64.1209  101.198        1
-29.8065  114.577 -22.6231        1
 102.623 -59.1364  9.12342        1
-114.511  34.5228 -24.3646        1
 94.8085 -41.4555 -67.6932        1
-58.6183 -15.2401  104.461        1
  83.228  27.9715 -82.7108        1
 20.6647 -95.6033  69.7172        1
-79.8646  37.4653  76.8779        1
 84.2803  3.70739 -82.3085        1
-38.5396 -25.6624  104.778        1
-38.4222  88.6926  50.2052        1
-3.17988 -15.2239 -114.434        1
-56.6642 -107.596 0.136445        1
-108.646  49.7511 -34.9712        1
-44.8726 -28.2489 -121.286        1
0.739442 -42.2199 -132.942        1
 28.7674 -118.225  68.5853        1
-139.996  22.5528  9.95788        1
-11.6601  31.1809 -143.255        1
 85.9445 -115.953 -41.0625        1
-112.022  5.87792  97.5891        1
-59.5358  88.8028 -107.114        1
 38.7239 -79.6724 -130.509        1
-129.597 -74.5091  59.3735        1
-98.0595 -79.7021 -112.979        1
 -142.43 -93.9464  34.7182        1
-9.36533  48.5577 -171.591        1
 16.3564 -151.533  94.0147        1
-123.692  94.0693 -95.0365        1
-72.748 62.8427 -160.44       1
-32.3412 -189.771 0.233686        1
-126.222  -69.978 -139.786        1
-75.9857 -189.439 -40.2005        1
-198.824  0.22178 -78.7544        1
 21.5604  -46.016 -214.321        1
-41.0921 -169.487 -147.718        1
-216.048  64.0485 -56.0287        1
2.46862 149.357 -179.35       1
 94.3391 -121.657 -182.637        1
-87.5318 -165.249 -162.203        1
-27.4997 -53.9353  -247.52        1
 111.648 -161.798 -170.229        1
31.4378 156.235 194.922       1
112.909 203.264 73.6891       1
71.2521 59.4612 216.883       1
41.6074 212.555  72.995       1
 222.015 -38.9127 -8.49867        1
69.5848 24.0625  205.23       1
-37.6137 -3.00673  209.421        1
141.536  136.79 57.2143       1
44.0781  137.72 133.057       1
 124.451  119.647 -87.1011        1
73.8718 56.2096  160.07       1
-112.277  125.521  68.0235        1
 85.7061 -37.0881 -160.635        1
 24.8986 -147.705  109.433        1
 54.9236  170.401 -19.2223        1
  165.57  52.1065 -26.1816        1
 72.2962 -64.0416  140.653        1
-49.0064  159.329 -15.0403        1
 61.7493  15.4915 -158.547        1
-12.0366 -137.273   101.84        1
-149.078  78.6946 -42.1637        1
-132.503  70.0156  -95.747        1
  144.19   -18.16 -103.433        1
-42.5815 -147.277 -106.437        1
-108.437 -142.469  64.9057        1
-80.5745  5.92335 -180.029        1
 -88.085 -176.392  43.9226        1
-81.8758   84.002 -169.756        1
 117.077 -156.444 -76.5859        1
-55.9424 -92.5337   177.54        1
-122.153  103.351 -138.334        1
 68.2828 -185.028 -90.2865        1
 -211.16 -54.7873  -46.689        1
-120.371 -51.0844 -190.673        1
-7.40184 -236.023  2.47943        1
-226.682  13.4662  70.4152        1
-63.0061 -25.7397 -235.374        1
-104.905 -224.797  33.2577        1
-147.863  194.699  39.4773        1
  61.297 -98.1403 -225.979        1
-247.502  -66.502 -43.1458        1
-160.042 -177.159 -122.419        1
-51.5658 -251.678 -100.195        1
-223.527  -146.13 -95.0511        1
 27.4366 -282.053  45.0539        1
-282.583  62.6425 -18.3539        1
 163.477 -86.5304 -228.302        1
-52.1792 -290.979  41.2122        1
-302.125  6.22414  3.23279        1
 188.056  141.727 -187.423        1
187.564 55.3282 218.149       1
80.9129 227.726 150.394       1
 181.601  206.523 -48.8299        1
 83.4255 -51.1556  255.231        1
-31.8132  152.771  215.482        1
125.289 140.694 175.221       1
181.792 18.0275 170.481       1
-12.4915  242.311  28.6754        1
 118.282 -57.5632 -210.883        1
 90.0746 -230.212  40.9627        1
-232.074  59.7908  75.0766        1
 5.75154  134.453 -214.632        1
 76.4171  -217.15 -118.708        1
-240.152  11.4429  99.1052        1
 14.2568  154.702 -210.421        1
  178.95 -58.9517  172.973        1
-126.188   91.106  197.106        1
  173.59 -1.62516  171.552        1
 48.9913 -68.4984  223.621        1
  200.83  111.715 -44.9969        1
 41.0189 -11.3016   223.72        1
-57.5334  199.851 -89.8543        1
 222.129   8.4301 -9.04218        1
-87.587 106.073 167.696       1
107.224 177.153 32.6574       1
188.196 33.2206 68.4744       1
21.4922 87.4342 172.931       1
 185.089  41.1483 -17.2857        1
 43.4463 -5.14522  178.388        1
-19.2099  147.529  95.1915        1
162.528 49.6834 -27.757       1
-121.688 -15.9126  119.239        1
 23.7673  144.437 -84.5917        1
 146.635 -53.9847  53.0959        1
80.1606 54.3625 122.951       1
 90.9186 -49.5817  110.194        1
-121.599  81.0743  34.3589        1
 90.7776 -56.6367 -110.359        1
 45.2764 -110.054  94.8107        1
-113.271 -56.6424  86.4336        1
-116.759  35.1597 -101.823        1
 88.9203 -133.384  4.96042        1
-155.768 -49.5112 -32.6051        1
 1.35325 -2.28392  -172.56        1
-15.3278  -36.867  163.234        1
-162.079  31.3262  37.9412        1
 14.6876  -108.77 -138.563        1
 -81.572 -52.5257 -157.559        1
-8.74991 -4.36825 -190.973        1
 20.8366 -194.316  4.44084        1
-117.036  44.9032 -157.476        1
