-1.49012e-08 -5.96046e-08            0            1
-0.000370181  0.000397434 -0.000194739            1
 -0.00068722  0.000717093 -0.000298369            1
-0.000983777   0.00109616 -0.000320362            1
 -0.00123761   0.00140451 -0.000298715            1
-0.00151305    0.001644  -0.0002878           1
 -0.00175677   0.00179297 -0.000305432            1
  -0.0022256    0.0019669 -0.000237763            1
 -0.00266913   0.00213424 -0.000136031            1
  -0.0031365   0.00230612 -9.10505e-05            1
 -0.00369898   0.00269528 -0.000121751            1
 -0.00414958   0.00310498 -0.000156705            1
-0.00467215  0.00358128 -0.00028166           1
 -0.00552048   0.00438153 -0.000517339            1
  -0.0063214   0.00518009 -0.000761694            1
 -0.00731664   0.00616789 -0.000924383            1
-0.00892652  0.00799324 -0.00122086           1
 -0.0102209  0.00942952 -0.00139541           1
 -0.0114334   0.0109007 -0.00151713           1
 -0.0129726   0.0130626 -0.00166782           1
 -0.0139742   0.0150035 -0.00192504           1
 -0.0147807   0.0171359 -0.00209898           1
-0.0155469  0.0198692 -0.0022163          1
 -0.0158297   0.0218013 -0.00212337           1
 -0.0158097   0.0239452 -0.00154788           1
-0.0156321  0.0255318 -0.0010623          1
  -0.0153792     0.026777 -0.000413776            1
 -0.0148375   0.0285947 0.000528144           1
-0.0144015   0.029996 0.00124261          1
 -0.013954  0.0314837 0.00197879          1
-0.0132413  0.0337234 0.00296009          1
 -0.012673  0.0354964 0.00377668          1
-0.0120378  0.0371702 0.00466026          1
-0.0110795   0.039527 0.00586061          1
-0.0103442  0.0414495  0.0067595          1
-0.00946757   0.0433722  0.00772693           1
-0.00795565   0.0457565  0.00904616           1
-0.00651309   0.0476909  0.00996425           1
-0.00481348   0.0495337   0.0107504           1
-0.00214703   0.0519944   0.0115124           1
0.000193682     0.05356    0.012019           1
0.00297586  0.0552409  0.0121333          1
0.00708203  0.0568015  0.0121213          1
0.0104842  0.057778 0.0119573         1
0.0152431 0.0588509 0.0111732         1
0.0188953 0.0596016 0.0105444         1
 0.0225738  0.0600288 0.00973119          1
 0.0274888  0.0604672 0.00827422          1
 0.0310279  0.0604893 0.00709422          1
0.0344837 0.0603246 0.0059948         1
 0.0389661  0.0600307 0.00422226          1
 0.0422512  0.0595719 0.00270793          1
  0.0454517   0.0589956 0.000994653           1
  0.0495525   0.0579859 -0.00134376           1
  0.0526256   0.0571434 -0.00317632           1
   0.055622   0.0560681 -0.00485377           1
  0.0594077   0.0543858 -0.00722384           1
  0.0622636   0.0529399 -0.00891871           1
 0.0649869  0.0513223 -0.0105486          1
 0.0685985   0.049052 -0.0127896          1
 0.0713007  0.0472331 -0.0145549          1
 0.0749822  0.0446883 -0.0167558          1
 0.0777063  0.0428387 -0.0184974          1
 0.0805029  0.0408573 -0.0200584          1
 0.0842453  0.0381953 -0.0220247          1
 0.0870409  0.0361426 -0.0233585          1
  0.089854  0.0340229 -0.0246405          1
 0.0936789  0.0311683 -0.0262691          1
 0.0965987  0.0289126 -0.0275108          1
 0.0995261  0.0266561 -0.0285774          1
  0.103302  0.0237879 -0.0299083          1
  0.106034  0.0217341 -0.0307923          1
 0.108793 0.0196488 -0.031557         1
  0.112375  0.0169748 -0.0325621          1
   0.11498  0.0149478 -0.0333044          1
   0.11751  0.0129067 -0.0338444          1
  0.120721  0.0102926 -0.0344161          1
  0.123085 0.00840915 -0.0347023          1
  0.125482 0.00658921 -0.0351207          1
  0.128541 0.00419672 -0.0354579          1
  0.130722  0.0024655 -0.0357706          1
   0.133594 3.83567e-05  -0.0359994           1
    0.13575 -0.00178325  -0.0361707           1
   0.137968 -0.00361711   -0.036174           1
   0.140844 -0.00609132    -0.03633           1
   0.142932 -0.00801242  -0.0363077           1
   0.144959 -0.00986337   -0.036249           1
  0.147578 -0.0122553 -0.0357433          1
  0.149308 -0.0140614 -0.0353152          1
  0.150867 -0.0156731 -0.0347007          1
  0.152745 -0.0177511 -0.0335719          1
  0.153943  -0.019305 -0.0325964          1
  0.155119 -0.0207541 -0.0314719          1
  0.156504 -0.0225774 -0.0299145          1
    0.1575 -0.0239785 -0.0285818          1
  0.158274 -0.0253248 -0.0271625          1
  0.159113 -0.0269462 -0.0251582          1
  0.159657 -0.0281553 -0.0237118          1
  0.160098 -0.0294784 -0.0215582          1
  0.160194 -0.0303822 -0.0199292          1
   0.16006 -0.0310687 -0.0182239          1
 0.159714 -0.031699  -0.01606         1
   0.15923 -0.0319599 -0.0144426          1
  0.158544  -0.032068 -0.0129034          1
  0.157234 -0.0319014 -0.0109018          1
   0.155965  -0.0317046 -0.00934224           1
   0.154525    -0.03136 -0.00793803           1
   0.152354  -0.0304991 -0.00619868           1
   0.150537  -0.0295912 -0.00506823           1
   0.148567  -0.0284174 -0.00398774           1
    0.14572  -0.0265788 -0.00295414           1
   0.143456  -0.0249266 -0.00213215           1
   0.140913  -0.0230241 -0.00142124           1
    0.137357   -0.0204734 -0.000392542            1
  0.134558 -0.0183593 0.00031993          1
   0.131563  -0.0162077 0.000974304           1
  0.127461 -0.0132313 0.00177812          1
 0.124356 -0.010958 0.0022988         1
    0.12015 -0.00791493  0.00277105           1
   0.116938 -0.00568834  0.00296738           1
   0.113693 -0.00352774   0.0032655           1
      0.1093 -0.000793181   0.00357576            1
  0.105934 0.00125003 0.00379257          1
  0.102605  0.0032601 0.00404041          1
  0.098212 0.00588557 0.00430428          1
 0.0949229 0.00780046 0.00440019          1
   0.09153 0.00971595 0.00448799          1
 0.0870142  0.0119696 0.00497288          1
 0.0835627  0.0137122 0.00525355          1
0.0800842 0.0153465 0.0056813         1
 0.0754063  0.0173975 0.00612363          1
 0.0719765  0.0187945 0.00652789          1
 0.0684302  0.0201981 0.00687393          1
 0.0635684  0.0220699 0.00708687          1
 0.0599098  0.0233208 0.00725624          1
 0.0550031  0.0248073 0.00748153          1
 0.0513334  0.0258964 0.00751744          1
 0.0476653  0.0269302 0.00749702          1
 0.0427982  0.0281915 0.00728659          1
 0.0391613  0.0292651 0.00699688          1
 0.0354635  0.0302769 0.00673329          1
 0.0304642  0.0314841 0.00636108          1
 0.0267204  0.0323446 0.00623161          1
 0.0229891  0.0330235 0.00596644          1
  0.018241  0.0340293 0.00550288          1
 0.0147888  0.0344419 0.00515499          1
 0.0114994  0.0351668 0.00451132          1
0.00737272  0.0356637 0.00377235          1
0.00442021  0.0359128 0.00308919          1
0.00162928  0.0361227 0.00241553          1
-0.00169249   0.0362642   0.0016572           1
-0.0040487  0.0361642 0.00113906          1
-0.00693922   0.0360491 0.000236724           1
 -0.00890525     0.035808 -0.000330199            1
 -0.0107831   0.0356451 -0.00100637           1
-0.0129509      0.035 -0.0019043          1
  -0.014282   0.0343755 -0.00276154           1
 -0.0153985   0.0337653 -0.00388942           1
-0.0167213  0.0325211 -0.0054381          1
 -0.0175714   0.0314977 -0.00678364           1
 -0.0183708   0.0302681 -0.00815052           1
-0.0193538  0.0285879 -0.0103551          1
-0.0200874  0.0273473 -0.0122532          1
-0.0208483  0.0259952 -0.0142371          1
-0.0216865  0.0239016 -0.0170146          1
-0.0222929  0.0223286 -0.0192099          1
-0.0227477  0.0204885 -0.0215108          1
-0.0232501  0.0179282  -0.024678          1
-0.0236284   0.015677  -0.027015          1
-0.0241163  0.0133716 -0.0293544          1
-0.0247724  0.0102515  -0.032456          1
-0.0254031 0.00782505 -0.0348244          1
-0.0262428 0.00450602 -0.0380447          1
-0.0270169 0.00205649 -0.0405489          1
  -0.027855 -0.00047174  -0.0430997           1
 -0.0290243 -0.00395784  -0.0465829           1
 -0.0298175 -0.00660999  -0.0492438           1
 -0.0305396 -0.00940444  -0.0518839           1
-0.0313782 -0.0131319 -0.0554129          1
-0.0320878 -0.0160119 -0.0580194          1
-0.0327147 -0.0189706 -0.0605341          1
 -0.033421 -0.0230235 -0.0638942          1
-0.0339515 -0.0259648 -0.0666769          1
 -0.034364 -0.0289229 -0.0694966          1
-0.0348277 -0.0329709 -0.0732536          1
 -0.035076   -0.03602 -0.0762541          1
-0.0353158 -0.0389882 -0.0792078          1
-0.0356139 -0.0430465 -0.0830271          1
-0.0356778 -0.0460423 -0.0861435          1
-0.0354533 -0.0501884  -0.090207          1
-0.0351483 -0.0532716 -0.0933863          1
-0.0347394 -0.0564389 -0.0965271          1
-0.0340482 -0.0607929  -0.100744          1
-0.0333849 -0.0641896  -0.103767          1
-0.0327745 -0.0674502  -0.106865          1
-0.0318042 -0.0719195  -0.110833          1
-0.0310273 -0.0752556   -0.11361          1
-0.0302254 -0.0784471  -0.116477          1
-0.0291225 -0.0826636  -0.120065          1
-0.0281031 -0.0857634  -0.122789          1
